nb_thread;distance;min_duration;max_duration;avg_duration
1;863;22294086;25020136;23260411
5;863;12055585;21959180;18164308
10;863;7719232;9148940;8317708
15;863;7277424;22276430;9654469
20;863;6464717;22626030;10578987
25;863;7643960;23590990;12528585
30;863;7464146;10541343;9380328
35;863;6889729;9890470;7994968
40;863;6407713;22482079;14539609
45;863;6640245;8308815;7394673
50;863;6979632;24247721;9789771
55;863;6586762;22387522;10570199
60;863;7203047;22224315;18841518
65;863;6767616;9712302;8518688
70;863;6170399;22980886;10448182
75;863;5704776;22588987;11627808
80;863;7106376;21958604;12242831
85;863;6834786;10271400;8486939
90;863;6814591;22852028;12541230
95;863;6806175;22827802;16394339
100;863;7676252;10933865;9124579
