nb_thread;distance;min_duration;max_duration;avg_duration
64;1642;15142;20140;17184
72;1642;16677;17357;17056
80;1642;18967;19282;19160
88;1642;20839;21317;21093
96;1642;22764;23174;22985
104;1642;24817;25215;25046
112;1642;26669;27117;26842
120;1642;28650;28911;28786
128;1642;30495;31363;30864
136;1642;32381;32938;32589
144;1642;34139;35221;34570
152;1642;36118;36868;36426
160;1642;38499;39167;38882
168;1642;40322;40969;40564
176;1642;42008;43068;42505
184;1642;43939;44805;44362
192;1642;46073;47000;46414
200;1642;47611;172683;73313
208;1642;49173;50022;49513
216;1642;51466;64016;54201
224;1642;53193;55045;53777
232;1642;55300;55796;55620
240;1642;57095;58823;57800
248;1642;58575;60017;59163
256;1642;61041;62163;61556
