nb_thread;distance;min_duration;max_duration;avg_duration
1;521;46745;53546;48155
5;521;40956;46942;42681
10;521;39646;41803;40932
15;521;36840;39361;37847
20;521;34717;38350;36827
25;521;32800;37697;34994
30;521;32869;35906;34035
35;521;33373;34044;33782
40;521;32324;35566;33884
45;521;31541;38492;34705
50;521;32037;36458;33928
55;521;31432;33973;32833
60;521;9173;33836;27796
65;521;8541;9912;9070
70;521;8695;10105;9053
75;521;8614;10102;8926
80;521;8568;10317;9089
85;521;8555;9737;8870
90;521;7425;9259;8800
95;521;8445;9139;8824
100;521;7565;9367;8799
