nb_thread;distance;min_duration;max_duration;avg_duration
1;521;10025;22028;13745
5;521;4743;8581;6555
10;521;4366;5200;4708
15;521;4198;4700;4446
20;521;4263;4834;4555
25;521;4371;5234;4725
30;521;4298;5264;4810
35;521;5081;5965;5386
40;521;4594;5512;4945
45;521;4196;5622;5000
50;521;4641;5351;4884
55;521;4570;5947;5111
60;521;4801;5740;5212
65;521;4994;5871;5531
70;521;5055;5690;5357
75;521;4812;5487;5196
80;521;4998;5782;5350
85;521;5070;5850;5398
90;521;4939;6358;5583
95;521;5269;5968;5671
100;521;5249;6172;5767
