nb_thread;distance;min_duration;max_duration;avg_duration
1;521;27528;39786;34495
5;521;19737;24496;22111
10;521;10921;14014;12477
15;521;9460;12067;11137
20;521;10297;12335;11207
25;521;10696;12941;11664
30;521;10151;17183;12058
35;521;10308;16315;13151
40;521;10452;17267;12877
45;521;10398;17336;13152
50;521;9946;17213;13381
55;521;10090;16490;11613
60;521;10415;13970;11930
65;521;10576;13961;11493
70;521;10776;17013;13554
75;521;2853;16341;7965
80;521;3435;4232;3678
85;521;3458;4881;3946
90;521;3764;4922;4152
95;521;3359;4761;4046
100;521;3486;5222;4152
