nb_thread;distance;min_duration;max_duration;avg_duration
32;864;37407156;47053146;43417530
40;864;37288001;41296129;39507835
48;864;31665792;34627344;33407716
56;864;26677471;30950651;29144061
64;864;24233071;27651771;25605100
72;864;22567234;27628412;25284828
80;864;18895105;26097346;22886377
88;864;20507210;25630317;23471106
96;864;21081026;23291610;22451207
104;864;21187785;24540500;22903549
112;864;21609166;26287076;23554466
120;864;20231307;23095610;22063748
128;864;19358789;25824043;22765319
136;864;22180882;27117315;24001777
144;864;22072180;26016517;24309796
152;864;21223307;27319924;23992494
160;864;22115092;29317202;24880020