nb_thread;distance;min_duration;max_duration;avg_duration
8;1645;1827;2029;1929
16;1645;3626;3775;3711
24;1645;5572;5859;5655
32;1645;7500;7586;7537
40;1645;9331;9555;9430
48;1645;11277;11335;11309
56;1645;13252;13331;13290
64;1645;14964;16212;15640
72;1645;16648;17110;16864
80;1645;18758;19058;18892
88;1645;20606;21724;21158
96;1645;22380;22706;22528
104;1645;24640;25101;24846
112;1645;26271;28320;26788
120;1645;28147;40047;30786
128;1645;30088;30560;30412
136;1645;31976;32678;32241
144;1645;33724;34314;34105
152;1645;35569;36055;35839
160;1645;37632;38723;38005
168;1645;39594;40270;39788
176;1645;41381;41609;41469
184;1645;43233;44865;43687
192;1645;44824;45154;44938
200;1645;46883;47398;47065
208;1645;48563;50407;49051
216;1645;50462;50876;50642
224;1645;52331;52905;52542
232;1645;54219;54594;54398
240;1645;55841;57113;56283
248;1645;58016;70598;60947
256;1645;59938;61265;60373
