nb_thread;distance;min_duration;max_duration;avg_duration
8;1645;1881;2067;1947
16;1645;3662;3785;3726
24;1645;5591;6309;5884
32;1645;7536;7759;7644
40;1645;9369;9583;9476
48;1645;11293;11417;11362
56;1645;13224;13551;13400
64;1645;15209;15527;15340
72;1645;16818;17067;16987
80;1645;18759;19038;18873
88;1645;20603;20983;20812
96;1645;22543;22817;22714
104;1645;24212;24464;24376
112;1645;26439;27313;26641
120;1645;28333;40284;30834
128;1645;30090;30297;30173
136;1645;31913;32282;32044
144;1645;33578;34120;33907
152;1645;35283;35809;35530
160;1645;37559;37857;37666
168;1645;39396;41852;40135
176;1645;41315;41764;41555
184;1645;42836;43386;43179
192;1645;45268;45788;45484
200;1645;46911;47433;47146
208;1645;48784;49336;49055
216;1645;50389;51087;50894
224;1645;52477;53138;52746
232;1645;54392;55023;54662
240;1645;56243;57279;56678
248;1645;58167;71513;61104
256;1645;60064;60516;60274
