nb_thread;distance;min_duration;max_duration;avg_duration
8;1645;1802;2060;1923
16;1645;3689;3844;3755
24;1645;5563;5626;5602
32;1645;7369;7516;7449
40;1645;9285;9495;9398
48;1645;11327;11604;11407
56;1645;13110;13479;13304
64;1645;15045;15209;15098
72;1645;16839;17390;17033
80;1645;18731;19115;18948
88;1645;20555;20919;20770
96;1645;22228;22772;22530
104;1645;24324;25735;24702
112;1645;26099;26748;26394
120;1645;28229;29710;28694
128;1645;30229;30348;30266
136;1645;31868;32310;32055
144;1645;33816;34174;34004
152;1645;35323;35929;35592
160;1645;37423;37850;37640
168;1645;39441;40417;39688
176;1645;41035;41763;41457
184;1645;43273;44372;43576
192;1645;44608;45371;44936
200;1645;47006;48776;47495
208;1645;48612;61483;51388
216;1645;50657;51068;50852
224;1645;52626;52939;52815
232;1645;54160;54748;54426
240;1645;56364;57555;56712
248;1645;58104;60338;58894
256;1645;59767;60909;60143
