nb_thread;distance;min_duration;max_duration;avg_duration
8;1645;1877;2120;1933
16;1645;3776;3851;3816
24;1645;5583;5722;5681
32;1645;7500;7963;7761
40;1645;9348;9584;9440
48;1645;11289;11611;11401
56;1645;13168;13308;13241
64;1645;14937;15265;15068
72;1645;16753;16968;16871
80;1645;18623;18852;18788
88;1645;20740;21015;20897
96;1645;22272;22973;22611
104;1645;24349;24655;24514
112;1645;26220;27514;26594
120;1645;27669;28463;28197
128;1645;29684;30209;29992
136;1645;31860;32100;31999
144;1645;33610;45797;36218
152;1645;35524;35951;35731
160;1645;37292;37938;37586
168;1645;39431;41163;39959
176;1645;41334;41898;41654
184;1645;42888;44408;43432
192;1645;44981;46247;45442
200;1645;46595;47366;47059
208;1645;48608;49337;48954
216;1645;50389;51314;50759
224;1645;52436;53079;52736
232;1645;54549;56499;55013
240;1645;56179;56703;56520
248;1645;58208;59541;58734
256;1645;59830;60177;60035
