nb_thread;distance;min_duration;max_duration;avg_duration
8;1645;1815;2059;1925
16;1645;3663;3885;3755
24;1645;5577;5742;5676
32;1645;7449;19370;9892
40;1645;9342;9593;9437
48;1645;11226;12107;11453
56;1645;13459;13793;13679
64;1645;14925;15311;15030
72;1645;16864;17125;16964
80;1645;18894;19380;19104
88;1645;20420;20790;20616
96;1645;22381;22733;22526
104;1645;24382;25179;24654
112;1645;26252;27954;26736
120;1645;28115;29322;28608
128;1645;30052;30585;30291
136;1645;32061;32492;32165
144;1645;33474;34176;33806
152;1645;35647;36164;35793
160;1645;37458;37986;37675
168;1645;39326;41047;39919
176;1645;41364;41631;41461
184;1645;43242;44978;43779
192;1645;44966;45280;45106
200;1645;46660;47290;46988
208;1645;48561;49350;48951
216;1645;50374;62480;53042
224;1645;52343;53083;52728
232;1645;54209;54551;54386
240;1645;56082;56734;56464
248;1645;58013;59481;58715
256;1645;59998;61051;60415
