nb_thread;distance;min_duration;max_duration;avg_duration
8;1645;2504;3068;2738
16;1645;4639;4976;4808
24;1645;5389;6592;5713
32;1645;7342;7688;7491
40;1645;9244;10023;9573
48;1645;11172;11644;11385
56;1645;13129;13614;13303
64;1645;15287;15554;15446
72;1645;16975;17521;17320
80;1645;19201;19535;19376
88;1645;20837;21371;21208
96;1645;23015;35565;25604
104;1645;24433;25419;25111
112;1645;26545;27163;26864
120;1645;28572;29425;28993
128;1645;30671;30920;30801
136;1645;32426;32932;32713
144;1645;34352;34724;34592
152;1645;36431;36868;36650
160;1645;38566;38719;38640
168;1645;40190;40792;40417
