nb_thread;distance;min_duration;max_duration;avg_duration
8;1645;1859;1960;1903
16;1645;3732;3882;3791
24;1645;5572;6047;5746
32;1645;7521;7621;7573
40;1645;9414;10170;9803
48;1645;11306;11697;11481
56;1645;13258;13531;13365
64;1645;15167;15891;15515
72;1645;16947;17099;17018
80;1645;18874;19072;18960
88;1645;20683;21491;21016
96;1645;22525;23561;22872
104;1645;24362;25321;24758
112;1645;26228;28614;26905
120;1645;28210;28436;28338
128;1645;29961;30577;30344
136;1645;31860;32810;32183
144;1645;33700;34230;34002
152;1645;35556;35955;35737
160;1645;37711;37834;37794
168;1645;39376;52973;42643
176;1645;41033;41460;41223
184;1645;42771;44965;43472
192;1645;44989;45440;45146
200;1645;47155;47596;47306
208;1645;48599;48914;48763
216;1645;50048;51001;50692
224;1645;52600;52917;52694
232;1645;54059;55171;54752
240;1645;56606;59086;57308
248;1645;58301;59976;58742
256;1645;59708;60935;60299
