nb_thread;distance;min_duration;max_duration;avg_duration
8;1645;1828;2110;1968
16;1645;3710;3895;3796
24;1645;5535;5816;5637
32;1645;7461;7538;7497
40;1645;9417;9545;9476
48;1645;11178;11406;11318
56;1645;13131;13361;13228
64;1645;14830;16259;15527
72;1645;16668;17173;16967
80;1645;18820;18964;18860
88;1645;20790;32490;23446
96;1645;22498;23242;22770
104;1645;24355;25857;24971
112;1645;26120;28165;26742
120;1645;27938;29520;28351
128;1645;29974;32001;30577
136;1645;32009;32398;32155
144;1645;33794;34244;34039
152;1645;35418;36021;35771
160;1645;37385;37978;37668
168;1645;39400;41160;39998
176;1645;41442;41867;41611
184;1645;43059;45221;43617
192;1645;44928;45395;45098
200;1645;46995;47233;47116
208;1645;48603;50098;49190
216;1645;50377;51306;50956
224;1645;52478;53102;52859
232;1645;54175;66622;57002
240;1645;56169;57534;56728
248;1645;57761;60023;58518
256;1645;60280;60634;60473
