nb_thread;distance;min_duration;max_duration;avg_duration
8;1645;1873;1997;1941
16;1645;3718;3902;3777
24;1645;5528;5805;5717
32;1645;7424;7554;7479
40;1645;9305;10078;9518
48;1645;11319;11888;11556
56;1645;13076;13384;13257
64;1645;15257;16038;15648
72;1645;16859;17343;17070
80;1645;18826;19163;18925
88;1645;20842;21968;21256
96;1645;22360;23102;22696
104;1645;24404;25932;24876
112;1645;26227;28260;26802
120;1645;28202;28640;28420
128;1645;29727;30495;30202
136;1645;31807;32284;31989
144;1645;33673;34310;34008
152;1645;35395;35984;35780
160;1645;37370;38476;37832
168;1645;39570;40712;40103
176;1645;41471;41961;41711
184;1645;42929;55610;46055
192;1645;44845;45279;45091
200;1645;46720;47115;46942
208;1645;48736;49164;48929
216;1645;50702;51218;50901
224;1645;52648;52888;52753
232;1645;54279;54867;54586
240;1645;56404;58027;57103
248;1645;57860;61183;58750
256;1645;59726;60617;60252
