nb_thread;distance;min_duration;max_duration;avg_duration
8;864;128124513;128124513;128124513
16;864;68928550;68928550;68928550
32;864;36517850;36517850;36517850
48;864;24635498;24635498;24635498
64;864;19326275;19326275;19326275
80;864;16467102;16467102;16467102
96;864;14470012;14470012;14470012
112;864;13249143;13249143;13249143
128;864;12158944;12158944;12158944
144;864;11836203;11836203;11836203
160;864;11441623;11441623;11441623
176;864;11666986;11666986;11666986
192;864;11188038;11188038;11188038
208;864;10918178;10918178;10918178
224;864;10470544;10470544;10470544
240;864;10235826;10235826;10235826
256;864;10059208;10059208;10059208
