nb_thread;distance;min_duration;max_duration;avg_duration
16;864;223950523;226951176;225814454
32;864;118029531;119013374;118407220
48;864;77064463;78482720;77928001
64;864;60120187;60516872;60253105
80;864;51555287;52391217;51907477
96;864;46359545;46629558;46510054
112;864;42026455;42252900;42170571
128;864;38252585;39256360;38680426
144;864;37892570;38337273;38068633
160;864;36753227;37254163;37024294
176;864;35857100;36780789;36472667
192;864;36388398;37356159;36890694
208;864;35471285;37743985;36537552
224;864;34632542;35827068;35298084
240;864;34458448;34894564;34667744
256;864;33830356;34946638;34381561
