nb_thread;distance;min_duration;max_duration;avg_duration
8;864;425572542;438852538;430256017
16;864;227192576;233570123;230111433
32;864;126052928;130395968;128131502
48;864;90724997;94430185;92509715
64;864;71677081;75486286;73402711
80;864;62952661;66925343;65169969
96;864;58922837;61125349;59897314
112;864;51398018;57988640;54594830
128;864;50872298;54621791;52898421
144;864;51269570;54258943;52387082
160;864;49038044;54229596;51562267
176;864;48404119;54619708;50949806
192;864;49531757;53763456;51151940
208;864;48446719;53604205;50307855
224;864;48078980;53046370;49893935
240;864;44533020;54867471;48939384
256;864;47948198;52287480;50192568
272;864;48527813;55097557;51756775
