nb_thread;distance;min_duration;max_duration;avg_duration
1;628;428773;674183;534223
5;628;380886;572260;497715
10;628;427515;544223;487517
15;628;365989;532381;475193
20;628;435927;527712;493510
25;628;482733;546754;501704
30;628;489274;532735;511025
35;628;358776;523379;477126
40;628;389287;518423;478852
45;628;386847;517479;489029
50;628;360887;539232;465513
55;628;364020;526834;467848
60;628;401692;531229;474744
65;628;404631;528712;493351
70;628;452304;539623;506759
75;628;365294;521438;475327
80;628;362896;550595;488375
85;628;389513;524129;492232
90;628;390452;515981;488980
95;628;368244;521582;473549
100;628;362949;511461;468383
