nb_thread;distance;min_duration;max_duration;avg_duration
1;628;451036;551645;528721
5;628;216210;402440;256292
10;628;130108;410537;173855
15;628;126188;165351;142532
20;628;115933;478926;178471
25;628;127596;151455;138186
30;628;128995;153897;140389
35;628;125662;146082;136430
40;628;129167;156514;139423
45;628;130960;157094;138979
50;628;128506;157863;140232
55;628;126183;183202;150439
60;628;159301;507776;292154
65;628;137216;564690;203020
70;628;127649;368219;177409
75;628;122421;484563;198014
80;628;154705;413365;213086
85;628;125619;512388;197308
90;628;152981;212245;182410
95;628;146802;443750;224879
100;628;140843;408972;202672
