nb_thread;distance;min_duration;max_duration;avg_duration
1;521;9109;17752;11481
5;521;11739;24406;20521
10;521;12206;14279;13063
15;521;5287;9015;6214
20;521;5613;7222;5992
25;521;5724;8302;6351
30;521;4958;8607;6353
35;521;5964;8371;6760
40;521;5370;7237;6442
45;521;5933;19072;7875
50;521;3261;11856;5537
55;521;3750;9292;5761
60;521;9211;11945;10295
65;521;9002;11461;9998
70;521;9006;11362;10176
75;521;8625;11054;9900
80;521;9177;11491;10121
85;521;9616;12396;10213
90;521;9221;11940;10793
95;521;8714;12107;10125
100;521;9375;12236;10636
