nb_thread;distance;min_duration;max_duration;avg_duration
1;521;12431;42542;26996
5;521;15919;22334;20264
10;521;11911;14488;13230
15;521;10379;13178;11932
20;521;10771;12318;11549
25;521;11100;12973;11933
30;521;11141;13134;12224
35;521;11621;15107;13123
40;521;3921;12212;6221
45;521;3283;5035;3906
50;521;3485;4877;3913
55;521;3628;19168;6627
60;521;3581;12882;4797
65;521;3750;4336;3918
70;521;3650;4363;3979
75;521;3548;4458;3864
80;521;3729;5665;4473
85;521;3546;4273;3885
90;521;3848;4655;4261
95;521;3744;4884;4146
100;521;3791;4443;4080
