nb_thread;distance;min_duration;max_duration;avg_duration
1;628;431808;547280;509430
5;628;158768;237714;210866
10;628;120503;157579;140916
15;628;113599;143541;126441
20;628;110743;126820;118895
25;628;106476;118999;112441
30;628;105453;125145;111742
35;628;102358;115281;110751
40;628;105743;118249;110651
45;628;103222;122116;112274
50;628;104795;115457;111198
55;628;103731;116015;111688
60;628;105667;114781;111757
65;628;106794;116432;111976
70;628;110627;120131;115160
75;628;112272;125154;116516
80;628;114983;124451;120288
85;628;120730;136898;126671
90;628;122177;130158;125638
95;628;124989;140211;130994
100;628;125908;137976;132274
