nb_thread;distance;min_duration;max_duration;avg_duration
1;628;427649;556272;504998
5;628;212869;289945;246028
10;628;148578;175772;160505
15;628;123721;151796;136050
20;628;120656;179267;133158
25;628;112830;175827;129085
30;628;113061;129686;122015
35;628;115983;130082;123733
40;628;123819;136275;129621
45;628;114663;153625;130030
50;628;121186;145129;131028
55;628;119043;142202;130520
60;628;127108;138780;132713
65;628;117618;164692;136922
70;628;123387;148730;134913
75;628;128220;144379;135825
80;628;127257;159759;140742
85;628;135997;162994;143219
90;628;121425;199848;149512
95;628;135725;175085;146762
100;628;119233;219061;151946
