nb_thread;distance;min_duration;max_duration;avg_duration
1;628;463908;562524;532892
5;628;176354;528906;248619
10;628;115949;150550;132048
15;628;112647;135871;123013
20;628;116818;128528;121594
25;628;108569;127723;118784
30;628;109382;126017;118327
35;628;111452;132712;120044
40;628;112025;140692;119965
45;628;119387;147200;125435
50;628;112907;129095;119378
55;628;119321;149534;130661
60;628;99631;448597;151917
65;628;113798;147693;122798
70;628;116555;147267;126381
75;628;120384;138158;125469
80;628;120289;140794;127289
85;628;120071;133114;128085
90;628;122237;141117;129211
95;628;126285;138666;132172
100;628;112081;195649;137990
