nb_thread;distance;min_duration;max_duration;avg_duration
8;864;92569938;92569938;92569938
16;864;49476260;49476260;49476260
32;864;26134955;26134955;26134955
48;864;17676799;17676799;17676799
64;864;14025741;14025741;14025741
80;864;11940027;11940027;11940027
96;864;10749400;10749400;10749400
112;864;10058502;10058502;10058502
128;864;9628960;9628960;9628960
144;864;9248906;9248906;9248906
160;864;9003298;9003298;9003298
176;864;9110764;9110764;9110764
192;864;9214548;9214548;9214548
208;864;9468389;9468389;9468389
224;864;8866392;8866392;8866392
240;864;9013062;9013062;9013062
256;864;8980853;8980853;8980853
