nb_thread;distance;min_duration;max_duration;avg_duration
8;864;89351055;89351055;89351055
16;864;42536383;42536383;42536383
32;864;19033737;19033737;19033737
48;864;48371133;48371133;48371133
64;864;48328492;48328492;48328492
80;864;147239792;147239792;147239792
96;864;131690634;131690634;131690634
112;864;7868887;7868887;7868887
128;864;169364136;169364136;169364136
144;864;216667137;216667137;216667137
160;864;209736959;209736959;209736959
176;864;7434720;7434720;7434720
192;864;247418016;247418016;247418016
208;864;312973571;312973571;312973571
224;864;268615329;268615329;268615329
240;864;334787986;334787986;334787986
256;864;347725430;347725430;347725430
