nb_thread;distance;min_duration;max_duration;avg_duration
8;864;90738247;90738247;90738247
16;864;47227030;47227030;47227030
32;864;24611048;24611048;24611048
48;864;16601296;16601296;16601296
64;864;12653697;12653697;12653697
80;864;10844030;10844030;10844030
96;864;9576492;9576492;9576492
112;864;8718850;8718850;8718850
128;864;8058919;8058919;8058919
144;864;7830447;7830447;7830447
160;864;7502244;7502244;7502244
176;864;7425716;7425716;7425716
192;864;7278296;7278296;7278296
208;864;6811294;6811294;6811294
224;864;6685543;6685543;6685543
240;864;6322251;6322251;6322251
256;864;6290119;6290119;6290119
