nb_thread;distance;min_duration;max_duration;avg_duration
8;864;122525311;122525311;122525311
16;796;28037276;28037276;28037276
32;864;33767747;33767747;33767747
48;864;22555133;22555133;22555133
64;864;16513677;16513677;16513677
80;864;15567865;15567865;15567865
96;248;5868651;5868651;5868651
112;361;3246352;3246352;3246352
128;152;9646296;9646296;9646296
144;-1117;952804;952804;952804
160;-592;1131739;1131739;1131739
176;183;788674;788674;788674
192;299;821205;821205;821205
208;113;4269818;4269818;4269818
224;-2101;1058024;1058024;1058024
240;160;705478;705478;705478
256;-4159;1361305;1361305;1361305
