nb_thread;distance;min_duration;max_duration;avg_duration
16;864;226694820;226694820;226694820
32;864;117696902;117696902;117696902
48;864;78007044;78007044;78007044
64;864;59834159;59834159;59834159
80;864;51292899;51292899;51292899
96;864;46460050;46460050;46460050
112;864;41819358;41819358;41819358
128;864;38980547;38980547;38980547
144;864;38370481;38370481;38370481
160;864;70379591;70379591;70379591
176;864;36947652;36947652;36947652
192;864;35998303;35998303;35998303
208;864;35439240;35439240;35439240
224;864;35840028;35840028;35840028
240;864;35076232;35076232;35076232
256;864;34466148;34466148;34466148
