nb_thread;distance;min_duration;max_duration;avg_duration
8;864;149443052;149443052;149443052
16;864;86284611;86284611;86284611
32;864;50764873;50764873;50764873
48;864;32769855;32769855;32769855
64;864;26282932;26282932;26282932
80;864;22934521;22934521;22934521
96;864;21017489;21017489;21017489
112;864;19292727;19292727;19292727
128;864;17710195;17710195;17710195
144;864;17271054;17271054;17271054
160;864;16812379;16812379;16812379
176;864;16158748;16158748;16158748
192;864;15801723;15801723;15801723
208;864;15272807;15272807;15272807
224;864;14638253;14638253;14638253
240;864;14555463;14555463;14555463
256;864;14029874;14029874;14029874
